   A_diel =       -0.0014137042174098
   Eewald =     4702.9680318706032267
       EH =     5102.5567482427986761
     Eloc =   -10327.4454924898618629
      Enl =       -5.2794472602865756
      Exc =     -141.5594878469799482
 Exc_core =       81.2082896017073352
       KE =      142.4584489949670001
  MuShift =        0.0000000000002076
-------------------------------------
     Etot =     -445.0943225912690764
       TS =        0.0569248774213958
-------------------------------------
        F =     -445.1512474686904852
